0 1024 0
1 1032 219
2 993 441
3 906 657
4 772 856
5 594 1028
6 378 1163
7 131 1253
8 -137 1290
9 -415 1270
10 -691 1191
11 -952 1052
12 -1185 856
13 -1378 608
14 -1519 317
15 -1599 -6
16 -1610 -349
17 -1548 -697
18 -1411 -1034
19 -1200 -1344
20 -921 -1611
21 -583 -1820
22 -198 -1958
23 219 -2014
24 651 -1981
25 1079 -1855
26 1482 -1637
27 1841 -1331
28 2137 -946
29 2352 -495
30 2472 4
31 2485 532
32 2385 1066
33 2170 1581
34 1843 2053
35 1413 2457
36 895 2771
37 307 2975
38 -327 3054
39 -981 2997
40 -1625 2800
41 -2229 2464
42 -2763 1997
43 -3199 1414
44 -3511 736
45 -3678 -11
46 -3685 -795
47 -3524 -1582
48 -3194 -2336
49 -2702 -3020
50 -2063 -3599
51 -1300 -4041
52 -442 -4320
53 476 -4415
54 1413 -4313
55 2327 -4010
56 3175 -3512
57 3915 -2833
58 4508 -1997
59 4920 -1037
60 5125 8
61 5106 1093
62 4855 2170
63 4375 3188
64 3680 4098
65 2794 4855
66 1752 5418
67 596 5755
68 -624 5843
69 -1853 5670
70 -3036 5236
71 -4116 4553
72 -5041 3647
73 -5765 2552
74 -6248 1314
75 -6463 -14
76 -6394 -1374
77 -6037 -2704
78 -5401 -3943
79 -4510 -5032
80 -3399 -5918
81 -2115 -6558
82 -712 -6917
83 747 -6975
84 2198 -6723
85 3575 -6168
86 4815 -5330
87 5859 -4243
88 6658 -2953
89 7172 -1515
90 7375 9
91 7254 1551
92 6810 3042
93 6060 4414
94 5035 5605
95 3777 6560
96 2341 7234
97 789 7595
98 -811 7623
99 -2388 7315
100 -3871 6682
101 -5194 5751
102 -6297 4560
103 -7130 3160
104 -7654 1613
105 -7844 -14
106 -7690 -1649
107 -7197 -3220
108 -6385 -4657
109 -5289 -5896
110 -3956 -6881
111 -2444 -7568
112 -819 -7925
113 847 -7936
114 2482 -7599
115 4013 -6927
116 5372 -5950
117 6499 -4710
118 7345 -3260
119 7871 -1664
120 8053 8
121 7883 1683
122 7367 3288
123 6528 4752
124 5402 6010
125 4037 7007
126 2493 7699
127 838 8054
128 -856 8057
129 -2514 7707
130 -4064 7020
131 -5438 6025
132 -6576 4765
133 -7427 3295
134 -7954 1679
135 -8133 -12
136 -7956 -1704
137 -7431 -3322
138 -6581 -4796
139 -5442 -6062
140 -4065 -7064
141 -2509 -7757
142 -842 -8112
143 863 -8112
144 2531 -7757
145 4089 -7063
146 5468 -6060
147 6609 -4792
148 7462 -3314
149 7989 -1691
150 8167 6
151 7988 1703
152 7460 3326
153 6606 4804
154 5463 6073
155 4081 7077
156 2520 7771
157 849 8126
158 -859 8125
159 -2530 7769
160 -4091 7074
161 -5473 6069
162 -6616 4799
163 -7470 3319
164 -7998 1693
165 -8176 -7
166 -7997 -1707
167 -7468 -3333
168 -6613 -4814
169 -5468 -6084
170 -4084 -7089
171 -2522 -7784
172 -849 -8139
173 861 -8138
174 2534 -7782
175 4096 -7086
176 5479 -6080
177 6623 -4809
178 7478 -3328
179 8006 -1701
180 8184 0
181 8005 1701
182 7476 3328
183 6620 4809
184 5475 6080
185 4091 7085
186 2528 7780
187 855 8136
188 -856 8136
189 -2529 7780
190 -4092 7084
191 -5476 6078
192 -6621 4806
193 -7476 3324
194 -8004 1697
195 -8183 -5
196 -8004 -1707
197 -7475 -3334
198 -6619 -4816
199 -5474 -6087
200 -4089 -7092
201 -2526 -7788
202 -852 -8143
203 859 -8143
204 2533 -7787
205 4096 -7091
206 5480 -6085
207 6625 -4813
208 7480 -3331
209 8009 -1704
210 8188 -2
211 8009 1700
212 7480 3327
213 6624 4809
214 5479 6080
215 4095 7086
216 2532 7782
217 858 8138
218 -853 8138
219 -2527 7783
220 -4090 7087
221 -5475 6082
222 -6620 4811
223 -7476 3329
224 -8005 1702
225 -8184 0
226 -8006 -1702
227 -7478 -3330
228 -6623 -4812
229 -5478 -6084
230 -4094 -7090
231 -2531 -7787
232 -857 -8144
233 854 -8144
234 2528 -7789
235 4091 -7094
236 5476 -6089
237 6621 -4818
238 7477 -3337
239 8007 -1710
240 8187 -9
241 8009 1693
242 7482 3321
243 6628 4803
244 5484 6075
245 4101 7082
246 2539 7780
247 866 8138
248 -845 8140
249 -2519 7786
250 -4083 7092
251 -5469 6088
252 -6616 4818
253 -7474 3337
254 -8005 1710
255 -8186 8
256 -8009 -1694
257 -7482 -3322
258 -6628 -4805
259 -5485 -6078
260 -4102 -7086
261 -2540 -7784
262 -867 -8142
263 844 -8145
264 2518 -7792
265 4082 -7099
266 5468 -6096
267 6615 -4826
268 7473 -3346
269 8005 -1720
270 8187 -19
271 8012 1683
272 7487 3311
273 6635 4795
274 5493 6069
275 4111 7078
276 2549 7777
277 876 8137
278 -835 8141
279 -2510 7789
280 -4075 7097
281 -5462 6094
282 -6610 4825
283 -7469 3345
284 -8002 1719
285 -8185 17
286 -8010 -1685
287 -7485 -3314
288 -6633 -4798
289 -5491 -6073
290 -4109 -7082
291 -2547 -7782
292 -874 -8142
293 837 -8146
294 2512 -7794
295 4077 -7102
296 5464 -6100
297 6612 -4831
298 7471 -3351
299 8004 -1725
300 8187 -24
301 8013 1678
302 7489 3307
303 6637 4791
304 5495 6066
305 4113 7076
306 2552 7776
307 879 8136
308 -832 8141
309 -2507 7790
310 -4072 7098
311 -5459 6096
312 -6608 4828
313 -7468 3348
314 -8001 1722
315 -8185 21
316 -8011 -1682
317 -7487 -3311
318 -6636 -4796
319 -5494 -6071
320 -4112 -7081
321 -2550 -7781
322 -877 -8141
323 834 -8146
324 2509 -7795
325 4074 -7103
326 5461 -6101
327 6610 -4833
328 7470 -3354
329 8004 -1728
330 8188 -27
331 8014 1675
332 7490 3304
333 6639 4788
334 5498 6063
335 4117 7073
336 2556 7774
337 884 8135
338 -827 8141
339 -2502 7791
340 -4068 7100
341 -5456 6099
342 -6605 4831
343 -7466 3352
344 -8000 1726
345 -8185 25
346 -8012 -1678
347 -7489 -3307
348 -6638 -4792
349 -5497 -6068
350 -4116 -7079
351 -2555 -7780
352 -882 -8141
353 829 -8147
354 2504 -7797
355 4070 -7106
356 5458 -6105
357 6607 -4837
358 7468 -3358
359 8002 -1733
360 8187 -32
361 8014 1670
362 7491 3299
363 6641 4784
364 5501 6060
365 4121 7071
366 2561 7773
367 889 8135
368 -822 8142
369 -2497 7793
370 -4063 7103
371 -5452 6103
372 -6602 4836
373 -7464 3357
374 -7999 1731
375 -8185 30
376 -8013 -1673
377 -7491 -3303
378 -6641 -4789
379 -5501 -6065
380 -4120 -7076
381 -2559 -7778
382 -887 -8140
383 824 -8147
384 2499 -7798
385 4065 -7108
386 5453 -6108
387 6603 -4841
388 7465 -3363
389 8001 -1738
390 8187 -37
391 8015 1665
392 7493 3294
393 6644 4779
394 5505 6055
395 4126 7067
396 2566 7770
397 894 8133
398 -817 8141
399 -2492 7793
400 -4058 7104
401 -5447 6105
402 -6598 4839
403 -7461 3361
404 -7997 1736
405 -8184 35
406 -8013 -1668
407 -7492 -3298
408 -6643 -4784
409 -5504 -6061
410 -4124 -7073
411 -2564 -7776
412 -892 -8140
413 819 -8148
414 2494 -7800
415 4060 -7111
416 5449 -6112
417 6600 -4846
418 7463 -3369
419 8000 -1744
420 8187 -43
421 8017 1659
422 7496 3289
423 6648 4775
424 5510 6052
425 4131 7065
426 2572 7769
427 900 8134
428 -811 8143
429 -2487 7796
430 -4054 7108
431 -5444 6110
432 -6596 4844
433 -7460 3366
434 -7997 1741
435 -8185 40
436 -8015 -1663
437 -7495 -3293
438 -6647 -4780
439 -5509 -6058
440 -4130 -7071
441 -2570 -7775
442 -898 -8140
443 813 -8149
444 2489 -7802
445 4056 -7114
446 5446 -6116
447 6598 -4851
448 7462 -3374
449 8000 -1749
450 8188 -48
451 8019 1655
452 7499 3285
453 6652 4772
454 5514 6050
455 4135 7064
456 2576 7769
457 904 8134
458 -807 8144
459 -2483 7798
460 -4051 7111
461 -5441 6113
462 -6594 4848
463 -7458 3371
464 -7996 1746
465 -8185 45
466 -8016 -1658
467 -7497 -3289
468 -6650 -4776
469 -5512 -6055
470 -4133 -7069
471 -2574 -7774
472 -902 -8139
473 809 -8149
474 2485 -7803
475 4052 -7116
476 5442 -6118
477 6594 -4853
478 7458 -3377
479 7997 -1753
480 8186 -53
481 8018 1649
482 7499 3279
483 6653 4766
484 5516 6045
485 4138 7059
486 2580 7765
487 909 8131
488 -802 8142
489 -2478 7797
490 -4045 7111
491 -5436 6114
492 -6589 4850
493 -7454 3374
494 -7993 1750
495 -8183 50
496 -8015 -1653
497 -7497 -3284
498 -6651 -4771
499 -5514 -6050
500 -4136 -7065
